24 50 1
62 59 2
93 62 3
151 71 4
211 73 5
258 76 6
325 82 7
394 90 8
458 84 9
506 93 0
552 96 -
590 88 +
48 78 esc
85 86 Q
118 88 W
173 99 E
223 103 R
268 108 T
330 111 Y
385 111 U
433 118 I
491 123 O
538 118 P
571 118 backspace
35 88 cap
67 89 tab
94 99 A
133 106 S
188 114 D
243 129 F
282 134 G
347 136 H
391 137 J
439 142 K
475 142 L
528 139 ;
570 135 enter
43 105 leftshift
77 115 ~
108 122 |
144 126 Z
187 136 X
228 144 C
263 145 V
324 149 B
370 153 N
416 155 M
449 155 <
482 155 >
512 152 ?
553 150 uparrow
572 149 rightshift
63 122 ctl
98 132 fn
132 140 alt
164 145 {
205 154 }
229 155 spacebar
259 156 spacebar
289 158 spacebar
319 159 spacebar
349 160 spacebar
379 162 spacebar
409 163 spacebar
454 164 '
479 167 del
512 165 leftarrow
537 163 downarrow
562 159 rightarrow